-2.740654946124254643e-01
-7.764937434753579337e-01
2.598084373271137837e-01
3.854103765019151195e-02
-3.360521974523352773e-01
-1.283836890272915254e-01
9.766777034340807795e-01
-1.843399050955039919e-01
-7.803674718767514840e-01
-8.189215014118533809e-01
-6.482363859274924422e-01
-4.475141337761821547e-01
-5.888900003186547938e-01
-2.450084998363762367e-01
4.243095086845349861e-02
2.976727868452908043e-01
3.945431264049792386e-01
-3.310323656801602565e-01
-2.246206823379812145e-01
-2.365378686922212093e-01
3.206724762973392484e-01
4.976994023012101254e-01
8.503454222574851062e-01
-6.150533592223621504e-01
1.638918956532246229e-01
-5.284242557781385630e-01
1.257918963806768708e+00
-4.054434898118033370e-01
-2.819084372630626945e-01
7.421562708141220543e-01
3.681115936156093005e-01
-4.028178567760984929e-01
-1.317800574628966936e+00
-2.480371736547558603e-01
2.390008151254085500e-01
