-2.279632113647109548e-01
1.496168685547540067e-01
-1.507490555837279200e-01
-8.092177233839472628e-01
9.420773323966722401e-01
2.427524513921045513e-01
7.055727146556569629e-01
9.020855265256163547e-01
1.211505474266734994e-01
-7.433614568976784076e-01
2.072002353552445109e-01
-5.473140669599454444e-01
6.835648056871868050e-01
-5.652266180978048338e-01
5.415800863088352513e-01
6.821444931014423174e-01
-5.627721317801200884e-01
-3.142401666579242026e-02
3.081486098643919092e-01
2.756323299230717394e-02
-5.317505674800542259e-01
1.107177511034820316e-01
5.873814311253622300e-02
5.242363860598477920e-01
2.408598160010775313e-01
1.137194573744028547e+00
4.501195270178109942e-01
-8.239105291752635285e-01
-8.832753834723940933e-01
5.484932826459977262e-01
-3.763438509170465851e-01
5.720942001206497096e-02
-7.566286035637113105e-01
-4.017847962777219006e-01
1.086463240087789384e+00
