7.663964694979262804e-01
-2.642119135262748220e-01
2.680123045927373937e-01
2.842269569350522329e-02
-2.040675198710359406e-01
-1.271570129311946906e-01
7.847652552095354395e-01
-1.327421411650299699e-01
-8.305293669548812208e-01
7.402681729563800328e-01
-2.974602771637129273e-01
9.360632414719322059e-02
8.117961744891162290e-01
1.979736247411432448e-01
-8.347289858881835611e-01
-5.470270282121351135e-01
2.970821960786195204e-01
9.374564763321134586e-02
7.337831766156243107e-01
8.330977456520548552e-01
1.855841650705663259e-01
-1.048580292902449251e+00
7.105218795432760581e-01
3.341860096436691241e-01
7.469369506091636524e-01
2.954390720008579496e-01
5.760927906366235252e-02
-1.466931265392882044e-01
-5.061823254503535763e-01
-4.339001897410126873e-01
-2.138292188473766287e-01
5.683558501077753400e-01
-4.981107509498187702e-01
5.302453307533869786e-01
-1.490693563606004801e-02
