5.205726706133041448e-01
6.197579067285554633e-01
6.528334721712288902e-01
9.589191662869154253e-01
5.257317925540923031e-01
-8.278923031983795866e-01
7.810205271824998130e-01
1.063598820430979419e+00
5.573458510794853105e-01
-1.032053074528935799e+00
-5.355880088579483278e-01
6.964446971966652411e-01
6.792815039970859781e-01
5.339901313786822312e-01
1.006968644007954605e+00
7.857675380726036884e-01
7.568374570724771822e-01
2.608570579730094541e-01
6.284494616430238434e-01
-6.940901235061226471e-01
-1.134569277286175265e-01
8.044908109917010552e-01
5.583127524608059167e-01
9.362648941766624766e-01
8.316847985105042529e-01
-9.076950809061745673e-01
-9.752311627716013787e-01
-7.397019636525926645e-01
-7.973215251883785104e-01
-9.859238291972398649e-01
-5.309959738475296120e-01
-4.836307775570475309e-01
-3.842169927411986929e-01
3.063343977045784872e-01
-9.701861354641708735e-01
