6.625820770837997920e-01
5.660704176019323297e-01
-3.714972840273274013e-01
6.397418183250318524e-01
6.597487251094018568e-01
3.529317940075609172e-01
2.264238879779951752e-01
8.942064856479678969e-01
4.054360822639184736e-01
-2.068194746359001690e-01
-9.057365063432204488e-01
-4.585074600870593375e-01
-6.974067243471632205e-01
-4.881675637399512380e-01
2.205432579464087217e-01
-8.148922164971776905e-01
8.869708114659115017e-01
-9.471414855878544925e-01
-9.657390024938287132e-01
-9.811543656665240309e-01
-3.250099499503416034e-01
-8.582797165661198990e-01
-1.506811098881447042e-01
-4.107043607988654088e-01
-6.330502903040505225e-02
1.000621179517903858e+00
-5.072507124800558209e-01
-1.916087433666453510e-01
2.491519233255706234e-01
-4.398111037343789276e-01
-1.040785902733317503e+00
9.846645212651654600e-01
-6.439218767243662378e-02
-2.469743972034682822e-01
6.186561700937216468e-01
