-7.274818203498288893e-01
1.111140969667476552e+00
6.883618982662582653e-01
9.189125757311429332e-01
7.976645341587820237e-01
9.307993823020049851e-01
-2.663128209097330723e-01
5.201012157070201702e-01
-8.328953944098095308e-01
3.851819879359849041e-01
4.612948599633626134e-02
2.999001283016658470e-01
-1.712072195198933444e-01
6.017769025609991385e-01
-3.765838279086510809e-01
1.170745400561252064e-01
7.712160135916058534e-01
8.028536239697056098e-01
8.674754660887885604e-01
3.006525061636318163e-01
6.132043974968723887e-01
-3.049498968335561666e-01
-3.463770871490170489e-01
1.645244109843189695e-01
-7.376480463469723414e-01
1.653917613828558009e-01
-8.642624461616379428e-01
-6.389557496445450457e-01
-9.254890651178280248e-01
-2.623229940045577746e-01
-6.140158389694645447e-01
3.270628852671577103e-01
-7.836355196855725458e-01
7.272981668681241518e-02
-2.788779622145474701e-01
