-1.046202841684220175e+00
-1.601068253667848051e-01
-2.626887130530672909e-01
-5.261358504272029002e-01
-3.363511714340840508e-01
-8.954770108277109175e-01
4.871368094234163060e-01
-4.322567128997703012e-01
2.319467151537347727e-01
6.146210544512364926e-03
3.191258820050914546e-01
-6.998874424270079553e-01
7.853491829567038618e-01
1.777802787594986167e-01
-1.041280704463878326e-01
-8.978491519396518683e-01
5.826802545245379772e-02
5.661818783263113941e-01
-2.275427665941185951e-01
-3.724411512430392257e-01
2.891668728384142462e-01
-8.153101459583869670e-02
-4.223600866311396085e-01
7.988987459317948847e-01
7.267817161939986725e-01
5.422061211640648581e-01
1.697231774869996379e-01
5.165619765153775522e-02
-4.831775297177138273e-01
-6.627060959464570189e-02
-5.230812699336965244e-01
-5.886327756856098992e-01
3.454820218922721731e-01
-1.012477421166139369e+00
-1.240499169628611620e-02
