5.284146979420364376e-01
9.410547246955425216e-01
8.211064616128465055e-01
5.078471457634724517e-01
-8.874012570868441419e-01
-1.107586970869159471e+00
-8.429117230259922655e-01
8.593468486279269847e-01
-4.145952028069299633e-01
1.353319474573369541e-01
7.582833412177605314e-01
1.914694433346128544e-01
-2.859645556132499045e-01
3.493332887562007327e-01
-8.841314195494419659e-01
-9.045369958791191767e-01
3.688221179230687097e-02
6.684728563271044033e-01
3.073260449635810687e-01
2.586254709717855649e-01
-3.073052335509528221e-02
-3.741705972063849583e-01
-3.542709087803241896e-01
-2.407786231971562052e-01
-4.005370670325572591e-02
1.375666412521474313e-01
5.617679107653130721e-01
6.227610275191817202e-01
-3.153725875497088715e-01
8.363977354905619555e-01
-1.060334329393373576e+00
-6.057102147599553454e-01
8.567141453874151935e-01
-1.910046409924197885e-01
6.243058957734987091e-01
