-9.846554698143865358e-02
8.804442258808778954e-01
-6.115855520761342978e-02
9.838870783324703551e-01
-1.751770757869641759e-02
-5.465913951203763554e-01
1.011936611392157292e+00
3.312587809504743963e-01
-6.575589531645148478e-02
4.251438533462628122e-01
-9.339845497323134849e-01
7.135649941399895280e-01
5.325890052472785907e-01
-3.000357120789700627e-01
-6.243736453266543474e-02
-9.622279699657813046e-01
-4.189458812994342196e-01
8.099964331951304830e-01
-4.601940992878323922e-01
-8.030250131444208184e-02
2.161994680836927807e-01
4.037292490984017990e-02
-1.259631342260039422e-01
-1.671538144227313061e-01
6.861521215262140760e-01
-9.565917001311755041e-02
-6.088654188279648549e-01
9.936185816668612336e-01
-6.583511913186499420e-01
7.140128925960637085e-01
-1.248613123582137663e-01
-5.622739471505592279e-01
1.377693920281509721e-01
6.037643192255648383e-01
1.062438914450643812e-01
