4.587663252425603910e-01
-8.184518300985806905e-01
8.078957461869351597e-01
-8.170493841131554191e-01
1.006102635809813295e+00
-8.135002486275109135e-01
8.325064736772210816e-01
3.871313612411123040e-01
2.179304656969255349e-02
1.462035926298118904e-01
7.769801693706759327e-01
-1.509992758531773782e-01
9.121947549224799223e-01
6.355270175766786211e-01
6.934917295553048033e-01
-3.290573790050567715e-01
-2.170841116562876594e-01
-3.243370429752459039e-01
-5.181768639203205851e-01
7.499950812297464520e-01
3.174386771819910635e-02
-6.888769075167471279e-01
-5.379612923854024675e-01
3.804691524327112329e-01
6.005789039905248261e-01
3.296782897109534760e-02
-2.938193956643309623e-01
-6.181771986277320163e-01
3.831751054650994748e-01
-4.595221150198061100e-01
-6.606520554117990551e-01
-5.042463795468989929e-01
4.620197017273414697e-01
-7.264239662047842216e-01
-8.335497894634639193e-01
