-2.542317180156863365e-01
-2.851682796652992291e-01
-4.863916543561970229e-01
9.913795452416207521e-01
-4.092393175147968076e-01
-4.109213039111592192e-01
-3.815416557752120408e-01
-7.287856291249408258e-01
-3.449011843293883217e-01
9.419637383777512696e-02
9.151333585209466825e-01
4.797935483147175439e-02
7.905397876835735804e-01
9.116249421971311939e-02
4.157541346374939994e-01
1.714521094760685926e-01
8.660488742239405013e-01
5.359612002916978035e-01
-4.349085588325121154e-01
1.597511190601312858e-01
9.260984329597965470e-02
7.203526744958077543e-02
-9.335225553359325357e-01
-1.020339871497493167e-01
5.657214028026309460e-01
4.603850694938387278e-01
3.958611106312712735e-01
8.940571385610796007e-02
7.541271036131558247e-01
-8.117063050920290124e-01
-1.280798412709494016e-02
8.328224807527995210e-02
-2.662487197999572341e-01
-2.250972024553656858e-01
7.867963177627408378e-01
