4.396384337977715662e-01
-1.902499170647966309e-01
-1.221810515872229663e+00
-8.754695102350841251e-01
-2.890355687184056332e-01
1.247266138925845758e-01
1.960463869413897608e-03
3.181565747968001512e-01
1.011844273788072401e+00
3.212562466084204482e-01
-8.568809877193198643e-01
3.580979104099967225e-01
6.874049225634878413e-01
-4.260216497240877920e-01
7.511440701553513399e-01
1.176199650420742537e-01
-8.939822185028767354e-01
5.044332557845986054e-02
-8.026698961311667935e-02
-3.230587782500362604e-01
3.242107474061412531e-01
5.579237996315631332e-01
4.956122402843677888e-01
-3.385802875085386909e-01
-6.278885135818643159e-02
2.701859884041060145e-01
-9.324158194866632998e-01
-6.673601467796436149e-01
-1.856247896181020818e-02
-1.059497380791207255e-01
-1.601482018158610632e-01
8.446648127484455149e-01
1.325742745632605968e-01
-5.367939063382394238e-01
4.195718887980924849e-01
